0 BadGuyMech LDD Export
0 Author: LEGO Digital Designer 4.3
1 72 380.29443359375 -298.6519775390625 -410.44381713867187 0 0.0013404618948698044 0.99999910593032837 -1 0 0 0 -0.99999910593032837 0.0013404882047325373 32062.dat
1 72 379.68588256835937 -303.65200805664062 -489.94308471679687 1 0 0 0 1 0 0 0 1 32250.dat
1 72 420.1865234375 -278.652587890625 -490.39068603515625 0 0.0013404550263658166 -0.99999922513961792 1.0000001192092896 0 0 0 -0.99999922513961792 -0.0013403177727013826 4519.dat
1 72 420.22604370117187 -293.65261840820312 -519.8902587890625 -1 0 0 0 1 0 0 0 -1 32449.dat
1 72 380.1865234375 -278.65225219726562 -490.444091796875 0 0.0013404550263658166 -0.99999922513961792 1.0000001192092896 0 0 0 -0.99999922513961792 -0.0013403177727013826 4519.dat
1 72 380.22601318359375 -293.6522216796875 -519.94384765625 -1 0 0 0 1 0 0 0 -1 32449.dat
1 72 419.533447265625 -278.7593994140625 -550.76190185546875 0 0.0013404550263658166 -0.99999922513961792 1.0000001192092896 0 0 0 -0.99999922513961792 -0.0013403177727013826 4519.dat
1 72 379.53366088867187 -303.75991821289062 -550.8153076171875 -0.0013403603807091713 0 0.99999916553497314 0 -1 0 0.99999916553497314 0 0.0013405159115791321 6632.dat
1 72 379.53353881835937 -278.75885009765625 -550.815673828125 0 0.0013404550263658166 -0.99999922513961792 1.0000001192092896 0 0 0 -0.99999922513961792 -0.0013403177727013826 4519.dat
1 72 420.22601318359375 -263.65264892578125 -519.89044189453125 -1 0 0 0 1 0 0 0 -1 32449.dat
1 72 380.22610473632812 -263.6522216796875 -519.94403076171875 -1 0 0 0 1 0 0 0 -1 32449.dat
1 72 380.29443359375 -258.27700805664062 -410.44381713867187 0 0.0013404618948698044 0.99999910593032837 -1 0 0 0 -0.99999910593032837 0.0013404882047325373 32062.dat
1 72 379.68572998046875 -253.65264892578125 -489.94497680664062 1 0 0 0 1 0 0 0 1 32250.dat
1 72 379.53366088867187 -253.75993347167969 -550.815673828125 -0.0013403603807091713 0 0.99999916553497314 0 -1 0 0.99999916553497314 0 0.0013405159115791321 6632.dat
1 72 340.18585205078125 -278.65231323242187 -489.44415283203125 0 0 -1 0 -1 0 -1 0 0 40490.dat
1 72 340.18582153320312 -278.65234375 -549.81915283203125 0 0 -1 0 -1 0 -1 0 0 40490.dat
1 72 260.18585205078125 -268.65228271484375 -490.44418334960937 0 0 1.0000001192092896 -1.0000001192092896 0 0 0 -1.0000001192092896 0 2780.dat
1 72 280.18582153320312 -268.65228271484375 -490.44418334960937 0 0 1.0000001192092896 -1.0000001192092896 0 0 0 -1.0000001192092896 0 2780.dat
1 72 340.47976684570312 -258.6522216796875 -520.13189697265625 0 1.0000001192092896 0 0 0 -1.0000001192092896 -1.0000001192092896 0 0 4519.dat
1 72 280.18582153320312 -268.65228271484375 -550.81915283203125 0 0 1.0000001192092896 -1.0000001192092896 0 0 0 -1.0000001192092896 0 2780.dat
1 72 260.18585205078125 -268.65228271484375 -550.81915283203125 0 0 1.0000001192092896 -1.0000001192092896 0 0 0 -1.0000001192092896 0 2780.dat
1 72 59.885906219482422 -268.65228271484375 -549.8189697265625 0 0 -1.0000001192092896 -1.0000001192092896 0 0 0 1.0000001192092896 0 2780.dat
1 72 19.885906219482422 -278.65231323242187 -549.8189697265625 0 0 1 0 0.99999994039535522 0 -1 0 0 32316.dat
1 72 -0.11413006484508514 -288.65231323242187 -549.8189697265625 0 0 1.0000001192092896 1.0000001192092896 0 0 0 1.0000001192092896 0 2780.dat
1 72 -20.114082336425781 -288.65231323242187 -549.8189697265625 0 0 1.0000001192092896 1.0000001192092896 0 0 0 1.0000001192092896 0 2780.dat
1 72 59.179836273193359 -298.65231323242187 -520.1317138671875 0 -1.0000001192092896 0 0 0 1.0000001192092896 -1.0000001192092896 0 0 4519.dat
1 72 -20.114082336425781 -288.65231323242187 -489.4439697265625 0 0 1.0000001192092896 1.0000001192092896 0 0 0 1.0000001192092896 0 2780.dat
1 72 19.885906219482422 -278.65231323242187 -489.4439697265625 0 0 1 0 0.99999994039535522 0 -1 0 0 32316.dat
1 72 -0.11413006484508514 -288.65231323242187 -489.4439697265625 0 0 1.0000001192092896 1.0000001192092896 0 0 0 1.0000001192092896 0 2780.dat
1 72 59.885906219482422 -268.65228271484375 -489.4439697265625 0 0 -1.0000001192092896 -1.0000001192092896 0 0 0 1.0000001192092896 0 2780.dat
1 72 160.035888671875 -238.20834350585937 -520.1314697265625 0 0 1 0 1 0 -1 0 0 4519.dat
1 72 39.885929107666016 -268.65228271484375 -489.4439697265625 0 0 -1.0000001192092896 -1.0000001192092896 0 0 0 1.0000001192092896 0 2780.dat
1 72 -20.408010482788086 -258.65234375 -520.1314697265625 0 -1.0000001192092896 0 0 0 -1.0000001192092896 1.0000001192092896 0 0 4519.dat
1 72 -79.77081298828125 -259.23098754882812 -500.02218627929687 -0.010436543263494968 -0.0018272422021254897 -0.99994397163391113 -0.0018271179869771004 -0.9999966025352478 0.0018464087042957544 -0.99994397163391113 0.0018462857697159052 0.010433432646095753 32062.dat
1 72 -80.192680358886719 -258.30532836914062 -540.396728515625 0.010459069162607193 0 -0.99994528293609619 0.0018274505855515599 0.99999833106994629 0 0.99994361400604248 -0.0018274505855515599 0.010459069162607193 32062.dat
1 72 -109.12698364257812 -258.60049438476562 -519.929931640625 -0.014975878410041332 0.010454552248120308 -0.99983328580856323 -0.99988597631454468 0.0018364203860983253 0.014995926059782505 0.0019928324036300182 0.99994373321533203 0.010425915010273457 32474.dat
1 72 -139.5621337890625 -258.14498901367187 -520.11248779296875 -0.99983322620391846 -0.010454196482896805 -0.014972605742514133 0.014992594718933105 -0.0018362139817327261 -0.99988597631454468 0.010425509884953499 -0.99994373321533203 0.001992763951420784 32073.dat
1 72 -119.55506896972656 -258.44305419921875 -519.3211669921875 0.014976223930716515 0.010454504750669003 0.99983316659927368 0.99988585710525513 0.0018364012939855456 -0.014996188692748547 -0.0019928463734686375 0.99994367361068726 -0.010425782762467861 32269.dat
1 72 -139.55168151855469 -258.1431884765625 -519.1126708984375 0.014976223930716515 0.010454504750669003 0.99983316659927368 0.99988585710525513 0.0018364012939855456 -0.014996188692748547 -0.0019928463734686375 0.99994367361068726 -0.010425782762467861 32498.dat
1 72 -179.54501342773437 -257.54330444335937 -518.695556640625 0.014976223930716515 0.010454504750669003 0.99983316659927368 0.99988585710525513 0.0018364012939855456 -0.014996188692748547 -0.0019928463734686375 0.99994367361068726 -0.010425782762467861 32269.dat
1 72 -143.95706176757813 -218.07368469238281 -519.6402587890625 0.014975413680076599 0.99983334541320801 -0.010443392209708691 0.99988597631454468 -0.014995161443948746 -0.0018239985220134258 -0.001980295404791832 -0.010414885357022285 -0.99994379281997681 44374.dat
1 72 -167.49870300292969 -278.09170532226562 -484.89089965820313 -0.99983322620391846 -0.018194196745753288 0.0015751710161566734 0.014989051967859268 -0.86684471368789673 -0.49835288524627686 0.010432557202875614 -0.49824616312980652 0.86697328090667725 32062.dat
1 72 -167.92454528808594 -277.65176391601562 -484.63735961914062 0.0015652113361284137 -0.018197361379861832 0.99983328580856323 -0.4983525276184082 -0.86684483289718628 -0.014996803365647793 0.8669731616973877 -0.49824592471122742 -0.010425343178212643 32474.dat
1 72 -168.21006774902344 -277.35302734375 -554.17083740234375 -0.99983322620391846 0.0077368165366351604 -0.016541933640837669 0.014991241507232189 0.8650086522102356 -0.50153326988220215 0.010428641922771931 -0.50169765949249268 -0.86498022079467773 32062.dat
1 72 -168.64883422851562 -277.77899169921875 -553.91552734375 -0.016542579978704453 0.0077424375340342522 0.99983322620391846 -0.5015331506729126 0.86500847339630127 -0.01499643549323082 -0.86498028039932251 -0.5016975998878479 -0.01042637974023819 32474.dat
1 72 -153.95535278320312 -217.92373657226562 -519.53594970703125 0.014969299547374249 0.99983340501785278 -0.010443404316902161 0.99988597631454468 -0.014989137649536133 -0.0018240478821098804 -0.0019802816677838564 -0.010414908640086651 -0.99994379281997681 44374.dat
1 72 -168.94764709472656 -217.69781494140625 -518.87957763671875 -0.99977552890777588 0.01499558612704277 0.014967456459999084 0.01499570906162262 0.0017734478460624814 0.99988603591918945 0.014967332594096661 0.99988603591918945 -0.0019978075288236141 32062.dat
1 72 -169.38778686523437 -217.69223022460937 -519.37506103515625 0.014975888654589653 0.010454550385475159 0.99983328580856323 0.99988597631454468 0.0018364780116826296 -0.014995732344686985 -0.0019927991088479757 0.99994379281997681 -0.010425711050629616 32474.dat
1 72 -257.11654663085937 -276.912841796875 -483.35394287109375 0.99986070394515991 -0.0087483301758766174 0.014219637960195541 -0.0079672932624816895 0.49844756722450256 0.86688333749771118 -0.014671524055302143 -0.86687582731246948 0.49830839037895203 60176.dat
1 72 -257.842529296875 -276.56304931640625 -553.2449951171875 0.99988102912902832 0.013338349759578705 -0.0077424086630344391 -0.013389070518314838 0.50157839059829712 -0.86500853300094604 -0.0076543623581528664 0.8650093674659729 0.50169730186462402 60176.dat
1 72 -258.57229614257812 -216.06874084472656 -518.4205322265625 0.99978017807006836 -0.01819988526403904 -0.010419231839478016 -0.01819988526403904 -0.99983435869216919 9.4912262284196913E-005 -0.010419233702123165 9.47374282986857E-005 -0.99994570016860962 60176.dat
1 72 39.885929107666016 -268.65228271484375 -549.8189697265625 0 0 -1.0000001192092896 -1.0000001192092896 0 0 0 1.0000001192092896 0 2780.dat
1 72 340.21505737304687 -328.8394775390625 -269.99911499023437 0 -1.0000001192092896 0 0 0 1.0000001192092896 -1.0000001192092896 0 0 60176.dat
1 72 340.215087890625 -328.33810424804687 -229.99916076660156 1 0 0 0 1 0 0 0 1 4519.dat
1 72 380.21505737304687 -328.83822631835937 -229.99908447265625 0 0 1 0 -1 0 1 0 0 32013.dat
1 72 300.215087890625 -328.83819580078125 -229.99923706054687 0 0 -1 0 -1 0 -1 0 0 32013.dat
1 72 380.215087890625 -328.338134765625 -219.99923706054687 0 0 -1 0 0.99999994039535522 0 1 0 0 2780.dat
1 72 397.71502685546875 -338.8380126953125 -159.99958801269531 0 -1.0000001192092896 0 0 0 1.0000001192092896 -1.0000001192092896 0 0 4315.dat
1 72 405.71502685546875 -268.83810424804687 -159.99911499023437 0 -1.0000001192092896 0 -1.0000001192092896 0 0 0 0 -1 3036.dat
1 72 397.71502685546875 -268.838134765625 -209.99929809570312 0 -1.0000001192092896 0 -1.0000001192092896 0 0 0 0 -1 3460.dat
1 72 365.715087890625 -268.838134765625 -209.99929809570312 0 -1.0000001192092896 0 -1.0000001192092896 0 0 0 0 -1 3460.dat
1 72 357.71505737304687 -268.838134765625 -209.99929809570312 0 -1.0000001192092896 0 -1.0000001192092896 0 0 0 0 -1 3702.dat
1 72 389.71517944335937 -268.83804321289062 -159.99932861328125 0 -1.0000001192092896 0 -1.0000001192092896 0 0 0 0 -1 32532.dat
1 72 333.715087890625 -268.83810424804687 -209.99929809570312 0 -1.0000001192092896 0 -1.0000001192092896 0 0 0 0 -1 3702.dat
1 72 397.71502685546875 -268.83810424804687 -109.99912261962891 0 -1.0000001192092896 0 -1.0000001192092896 0 0 0 0 -1 3460.dat
1 72 365.71502685546875 -268.83810424804687 -109.99932098388672 0 -1.0000001192092896 0 -1.0000001192092896 0 0 0 0 -1 3460.dat
1 72 309.71511840820312 -268.83810424804687 -159.99932861328125 0 -1.0000001192092896 0 -1.0000001192092896 0 0 0 0 -1 32532.dat
1 72 357.71505737304687 -268.83810424804687 -109.99932098388672 0 -1.0000001192092896 0 -1.0000001192092896 0 0 0 0 -1 3702.dat
1 72 285.71505737304687 -268.838134765625 -159.99932861328125 0 -1.0000001192092896 0 -1.0000001192092896 0 0 0 0 -1 3036.dat
1 72 333.71511840820312 -268.83810424804687 -109.99912261962891 0 -1.0000001192092896 0 -1.0000001192092896 0 0 0 0 -1 3702.dat
1 72 277.715087890625 -268.83819580078125 -159.999267578125 0 -1.0000001192092896 0 0 0 -1.0000001192092896 1.0000001192092896 0 0 40344.dat
1 72 397.71502685546875 -198.83810424804687 -159.99922180175781 0 -1.0000001192092896 0 0 0 -1.0000001192092896 1.0000001192092896 0 0 3710.dat
1 72 365.7149658203125 -198.83808898925781 -159.99920654296875 0 -1.0000001192092896 0 0 0 1.0000001192092896 -1.0000001192092896 0 0 3710.dat
1 72 357.71499633789062 -198.83815002441406 -159.99922180175781 0 -1.0000001192092896 0 0 0 -1.0000001192092896 1.0000001192092896 0 0 3701.dat
1 72 333.71502685546875 -198.83815002441406 -159.99922180175781 0 -1.0000001192092896 0 0 0 -1.0000001192092896 1.0000001192092896 0 0 3701.dat
1 72 380.215087890625 -328.33810424804687 -99.999435424804687 0 0 -1 0 0.99999994039535522 0 1 0 0 2780.dat
1 72 340.21511840820312 -328.338134765625 -89.99945068359375 1 0 0 0 1 0 0 0 1 4519.dat
1 72 340.21502685546875 -328.8367919921875 -49.999671936035156 0 -1.0000001192092896 0 0 0 -1.0000001192092896 1.0000001192092896 0 0 60176.dat
1 72 300.21505737304687 -328.83822631835937 -89.999702453613281 0 0 -1 0 -1 0 -1 0 0 32013.dat
1 72 380.215087890625 -328.83819580078125 -89.999351501464844 0 0 1 0 -1 0 1 0 0 32013.dat
1 72 300.215087890625 -328.33810424804687 -99.9993896484375 0 0 -1 0 0.99999994039535522 0 1 0 0 2780.dat
1 72 267.6590576171875 -228.83816528320312 -159.99945068359375 0 -1 0 1 0 0 0 0 0.99999994039535522 43093.dat
1 72 8.2159223556518555 -238.33818054199219 -159.99949645996094 1 0 0 0 1 0 0 0 1 6558.dat
1 72 -1.78407883644104 -238.338134765625 -199.99945068359375 1 0 0 0 1 0 0 0 1 2780.dat
1 72 -1.7841026782989502 -238.33822631835937 -179.99957275390625 1 0 0 0 1 0 0 0 1 2780.dat
1 72 -151.64730834960937 -228.65107727050781 -59.632068634033203 0 0 -1 0 -1 0 -1 0 0 40490.dat
1 72 -151.72848510742187 -253.65095520019531 -60.311191558837891 0.0013406845973804593 0 0.99999916553497314 0 -1 0 0.99999916553497314 0 -0.0013405288336798549 32251.dat
1 72 -151.62054443359375 -258.65093994140625 19.688819885253906 0 0 -1.0000001192092896 1.0000001192092896 0 0 0 -1.0000001192092896 0 3749.dat
1 72 -31.728605270385742 -238.65097045898437 -60.472034454345703 0 -0.0013405530480667949 0.99999922513961792 -1.0000001192092896 0 0 0 -0.99999922513961792 -0.0013403850607573986 3705.dat
1 72 -152.29960632324219 -228.75764465332031 -60.683380126953125 0 0.0013404550263658166 -0.99999922513961792 1.0000001192092896 0 0 0 -0.99999922513961792 -0.0013403177727013826 4519.dat
1 72 -151.60694885253906 -243.65093994140625 -29.811319351196289 -1 0 0 0 1 0 0 0 -1 32449.dat
1 72 -151.6466064453125 -228.65101623535156 -0.31181716918945313 0 0.0013404550263658166 -0.99999922513961792 1.0000001192092896 0 0 0 -0.99999922513961792 -0.0013403177727013826 4519.dat
1 72 -151.6070556640625 -213.65097045898437 -29.811595916748047 -1 0 0 0 1 0 0 0 -1 32449.dat
1 72 -151.72840881347656 -203.65101623535156 -60.311569213867188 0.0013406845973804593 0 0.99999916553497314 0 -1 0 0.99999916553497314 0 -0.0013405288336798549 32251.dat
1 72 -151.64735412597656 -228.65097045898437 0.74169832468032837 0 0 -1 0 -1 0 -1 0 0 40490.dat
1 72 -71.607048034667969 -243.6513671875 -29.704687118530273 -1 0 0 0 1 0 0 0 -1 32449.dat
1 72 -71.727165222167969 -228.65097045898437 -60.418354034423828 0 0.0013405067147687078 -0.99999916553497314 1 0 0 0 -0.99999916553497314 -0.0013404210330918431 4519.dat
1 72 -72.147232055664063 -228.65138244628906 0.29482847452163696 0 -0.99999910593032837 -0.0013403905322775245 1 0 0 0 -0.0013403905322775245 0.99999910593032837 32062.dat
1 72 -71.607147216796875 -213.65139770507812 -29.704444885253906 -1 0 0 0 1 0 0 0 -1 32449.dat
1 72 -71.620414733886719 -238.65144348144531 -20.454885482788086 0 0 1.0000001192092896 -1.0000001192092896 0 0 0 -1.0000001192092896 0 32002.dat
1 72 -23.229681015014648 -228.65249633789062 0.40168598294258118 0 -0.70710664987564087 -0.70710700750350952 -1.0000001192092896 0 0 0 0.70710700750350952 -0.70710659027099609 32474.dat
1 72 -37.6795654296875 -228.65248107910156 -14.048203468322754 -0.70710694789886475 0 -0.70710659027099609 0 -1 0 -0.70710659027099609 0 0.70710712671279907 87083.dat
1 72 -57.036678314208984 -228.65249633789062 -34.288906097412109 0.70710700750350952 -0.70710659027099609 0 0 0 -1 0.70710659027099609 0.70710700750350952 0 6536.dat
1 72 -231.64730834960937 -238.65098571777344 -0.25784066319465637 0 0 -1.0000001192092896 1.0000001192092896 0 0 0 -1.0000001192092896 0 2780.dat
1 72 -111.79734802246094 -288.59518432617187 -60.133110046386719 0 0 1.0000001192092896 -1.0000001192092896 0 0 0 -1.0000001192092896 0 32013.dat
1 72 -161.79736328125 -288.0950927734375 -60.133041381835938 1 0 0 0 1 0 0 0 1 3705.dat
1 72 -151.79734802246094 -288.0950927734375 -60.133022308349609 0 0 1 0 0.99999994039535522 0 -1 0 0 3713.dat
1 72 -191.64736938476562 -288.15109252929687 -60.132640838623047 0 0 1 0 0.99999994039535522 0 -1 0 0 3713.dat
1 72 -171.79736328125 -269.0950927734375 -29.945522308349609 0 0 1.0000001192092896 0 -1 0 1.0000001192092896 0 0 4519.dat
1 72 -161.64736938476562 -288.15109252929687 0.24138626456260681 1 0 0 0 1 0 0 0 1 3705.dat
1 72 -111.64735412597656 -288.65118408203125 0.24131424725055695 0 0 1.0000001192092896 -1.0000001192092896 0 0 0 -1.0000001192092896 0 32013.dat
1 72 -151.64736938476562 -288.15109252929687 0.24140207469463348 0 0 1 0 0.99999994039535522 0 -1 0 0 3713.dat
1 72 -191.646728515625 -288.1529541015625 0.32265511155128479 0 0 1 0 0.99999994039535522 0 -1 0 0 3713.dat
1 72 -111.79730987548828 -278.59512329101562 -59.633033752441406 0 0 -1.0000001192092896 -1.0000001192092896 0 0 0 1.0000001192092896 0 2780.dat
1 72 -111.79731750488281 -268.59619140625 -80.758110046386719 0.99999994039535522 0 0 0 0 -1 0 1 0 6536.dat
1 72 -111.64732360839844 -268.65097045898438 0.74140334129333496 0 0 -1.0000001192092896 -1.0000001192092896 0 0 0 1.0000001192092896 0 32054.dat
1 72 -111.64732360839844 -238.65093994140625 0.74139988422393799 0 0 -1.0000001192092896 -1.0000001192092896 0 0 0 1.0000001192092896 0 3749.dat
1 72 -109.44603729248047 -268.6510009765625 20.119878768920898 0.99392443895339966 -0.11006497591733932 0 0 0 1.0000001192092896 -0.11006497591733932 -0.99392443895339966 0 42003.dat
1 72 -322.29730224609375 -288.0950927734375 -60.13226318359375 -1 0 0 0 1 0 0 0 -1 2736.dat
1 72 -331.79730224609375 -269.09503173828125 -29.945140838623047 0 0 1.0000001192092896 0 -1 0 1.0000001192092896 0 0 4519.dat
1 72 -371.76077270507812 -288.59503173828125 -29.945064544677734 0 0 1.0000001192092896 0 -1 0 1.0000001192092896 0 0 50923.dat
1 72 -322.29730224609375 -288.09506225585937 0.24293018877506256 -1 0 0 0 1 0 0 0 -1 2736.dat
1 72 -512.24114990234375 -248.65098571777344 -29.945343017578125 0 -1.0000001192092896 0 0 0 1.0000001192092896 -1.0000001192092896 0 0 4519.dat
1 72 -491.77774047851562 -268.65097045898438 -29.945049285888672 0 0 -1.0000001192092896 0 -1 0 -1.0000001192092896 0 0 50923.dat
1 72 -431.94717407226563 -238.65103149414062 -60.633041381835938 0 0 -1.0000001192092896 1.0000001192092896 0 0 0 -1.0000001192092896 0 2780.dat
1 72 -511.94711303710937 -228.65107727050781 -59.633041381835938 0 0 -1 0 -1 0 -1 0 0 40490.dat
1 72 -451.94717407226563 -238.65103149414062 -60.633041381835938 0 0 -1.0000001192092896 1.0000001192092896 0 0 0 -1.0000001192092896 0 2780.dat
1 72 -511.94711303710937 -218.65106201171875 -59.633033752441406 0 0 -1.0000001192092896 -1.0000001192092896 0 0 0 1.0000001192092896 0 3673.dat
1 72 -491.947021484375 -208.15214538574219 -45.132942199707031 -1 0 0 0 1 0 0 0 -1 32123a.dat
1 72 -491.947021484375 -208.15214538574219 -30.132957458496094 0 0 -1 0 0.99999994039535522 0 1 0 0 3705.dat
1 72 -491.32205200195312 -208.65216064453125 -60.133255004882813 0 -1.0000001192092896 0 0 0 -1.0000001192092896 1.0000001192092896 0 0 6536.dat
1 72 -491.947021484375 -208.15214538574219 -15.133028030395508 -1 0 0 0 1 0 0 0 -1 32123a.dat
1 72 -491.3221435546875 -208.65008544921875 0.24238601326942444 0 -1.0000001192092896 0 0 0 1.0000001192092896 -1.0000001192092896 0 0 6536.dat
1 72 -491.947021484375 -208.65219116210937 -20.132894515991211 -1 0 0 0 -1 0 0 0 1 62271.dat
1 72 -191.94708251953125 -188.65225219726562 -40.133041381835938 1 0 0 0 -1 0 0 0 -1 62275.dat
1 72 -191.94735717773437 -188.65216064453125 -40.132583618164062 1 0 0 0 -1 0 0 0 -1 62274.dat
1 72 -191.94064331054687 -188.14524841308594 -45.142887115478516 -1 0 0 0 1 0 0 0 -1 32123a.dat
1 72 -191.94065856933594 -188.14524841308594 -30.142902374267578 0 0 -1 0 0.99999994039535522 0 1 0 0 3705.dat
1 72 -191.94064331054687 -188.14524841308594 -15.142972946166992 -1 0 0 0 1 0 0 0 -1 32123a.dat
1 72 -191.64730834960937 -218.65106201171875 -60.632278442382813 0 0 -1.0000001192092896 1.0000001192092896 0 0 0 -1.0000001192092896 0 43093.dat
1 72 -191.64723205566406 -188.65097045898437 -60.132164001464844 0 1 0 0 0 1 1 0 0 32013.dat
1 72 -191.64735412597656 -218.6510009765625 -0.25784239172935486 0 0 -1.0000001192092896 1.0000001192092896 0 0 0 -1.0000001192092896 0 43093.dat
1 72 -191.64727783203125 -188.65101623535156 0.24225538969039917 0 1 0 0 0 1 1 0 0 32013.dat
1 72 -511.94711303710937 -218.65103149414062 0.7421610951423645 0 0 -1.0000001192092896 -1.0000001192092896 0 0 0 1.0000001192092896 0 3673.dat
1 72 -511.94711303710937 -228.65104675292969 0.74216079711914063 0 0 -1 0 -1 0 -1 0 0 40490.dat
1 72 -431.94717407226563 -238.65103149414062 -0.25784066319465637 0 0 -1.0000001192092896 1.0000001192092896 0 0 0 -1.0000001192092896 0 2780.dat
1 72 -451.94717407226563 -238.65103149414062 -0.25784066319465637 0 0 -1.0000001192092896 1.0000001192092896 0 0 0 -1.0000001192092896 0 2780.dat
1 72 -571.94708251953125 -218.65103149414062 -0.2578389048576355 0 0 1.0000001192092896 -1.0000001192092896 0 0 0 -1.0000001192092896 0 2780.dat
1 72 -591.94708251953125 -218.65103149414062 -0.2578389048576355 0 0 1.0000001192092896 -1.0000001192092896 0 0 0 -1.0000001192092896 0 2780.dat
1 72 -631.18359375 -257.08090209960937 -29.677164077758789 -0.99994534254074097 -0.010454551316797733 -1.6585194316576235E-005 -1.6583431715844199E-005 0 1 -0.010454551316797733 0.99994540214538574 0 32474.dat
1 72 -631.18890380859375 -256.64584350585937 -29.177257537841797 -2.8478250897023827E-005 -0.010445913299918175 0.99994552135467529 1.0000001192092896 0 2.8539436243590899E-005 0 0.99994552135467529 0.010445973835885525 32062.dat
1 72 -650.97259521484375 -248.18336486816406 -50.051204681396484 -0.010434133931994438 0 -0.99994558095932007 0.001835934235714376 0.99999833106994629 -2.8479655156843364E-005 0.99994391202926636 -0.0018361314432695508 -0.010434098541736603 32062.dat
1 72 -651.39434814453125 -249.10910034179687 -9.676722526550293 0.010458175092935562 -0.0018361777765676379 -0.99994361400604248 -0.0018360548419877887 -0.99999666213989258 0.0018170722760260105 -0.99994361400604248 0.0018169480608776212 -0.010461531579494476 32062.dat
1 72 -680.32867431640625 -248.81376647949219 -30.143129348754883 -0.014975802972912788 0.010454604402184486 -0.99983334541320801 0.99988597631454468 -0.0018362983828410506 -0.014995904639363289 -0.001992878969758749 -0.99994379281997681 -0.01042579859495163 32474.dat
1 72 -710.76385498046875 -249.269287109375 -29.960948944091797 -0.99977552890777588 -0.014995048753917217 -0.014966671355068684 -0.014994925819337368 0.0017736165318638086 0.99988603591918945 -0.014966795220971107 0.99988603591918945 -0.0019979760982096195 32073.dat
1 72 -690.7568359375 -248.97120666503906 -30.752267837524414 0.014976263977587223 0.010454632341861725 0.99983328580856323 -0.9998859167098999 -0.0018363608978688717 0.014996188692748547 0.0019929010886698961 -0.99994373321533203 0.010426003485918045 32269.dat
1 72 -710.76605224609375 -248.77027893066406 -30.461009979248047 0.010424931533634663 -0.014994780533015728 0.99983328580856323 7.7871096436865628E-005 0.99988770484924316 0.014994784258306026 -0.99994570016860962 -7.8460310760419816E-005 0.010424927808344364 32270.dat
1 72 -750.7467041015625 -249.87092590332031 -31.378877639770508 -0.014975978992879391 0.010530775412917137 -0.9998323917388916 0.99988585710525513 -0.0018352959305047989 -0.014996087178587914 -0.001992885721847415 -0.9999428391456604 -0.010502111166715622 32498.dat
1 72 -736.353515625 -209.649658203125 -30.800823211669922 -0.014975973404943943 -0.99983245134353638 -0.010530614294111729 0.9998859167098999 -0.014996103942394257 0.0018352486658841372 -0.0019928596448153257 -0.010501927696168423 0.99994295835494995 44374.dat
1 72 -722.0885009765625 -269.94375610351562 -64.932670593261719 0.99983233213424683 0.0077042831107974052 0.016607470810413361 0.014995966106653214 -0.86500918865203857 -0.50153189897537231 0.010501671582460403 0.5016968846321106 -0.86497974395751953 32062.dat
1 72 -720.0927734375 -269.48126220703125 -65.162979125976563 0.016607962548732758 0.0076975971460342407 -0.99983251094818115 -0.50153219699859619 -0.8650091290473938 -0.014990405179560184 -0.86497962474822998 0.5016971230506897 -0.010505351237952709 32474.dat
1 72 -722.8310546875 -268.95059204101562 4.3434228897094727 0.9998323917388916 -0.018234832212328911 -0.0016320581780746579 0.014995929785072803 0.86684423685073853 -0.49835354089736938 0.010502132587134838 0.49824553728103638 0.86697238683700562 32062.dat
1 72 -720.82220458984375 -269.35433959960937 4.1146225929260254 -0.0016314684180542827 -0.018305262550711632 -0.99983108043670654 -0.49835285544395447 0.866843581199646 -0.015057276003062725 0.86697274446487427 0.49824410676956177 -0.01053670234978199 32474.dat
1 72 -746.35174560546875 -209.79957580566406 -30.905727386474609 -0.014975972473621368 -0.99983245134353638 -0.010530658066272736 0.9998859167098999 -0.014996103942394257 0.001835287781432271 -0.0019928994588553905 -0.010501970537006855 0.99994295835494995 44374.dat
1 72 -721.350830078125 -209.42552185058594 -31.143251419067383 0.99983251094818115 0.010530746541917324 -0.014976279810070992 0.014996410347521305 -0.0018352596089243889 0.99988597631454468 0.010502059012651443 -0.99994295835494995 -0.0019928752444684505 32062.dat
1 72 -720.921142578125 -209.41813659667969 -30.638849258422852 -0.014975529164075851 0.010530823841691017 -0.99983245134353638 0.9998859167098999 -0.0018352622864767909 -0.01499572116881609 -0.0019929325208067894 -0.99994295835494995 -0.010502076707780361 32474.dat
1 72 -571.94708251953125 -218.65106201171875 -60.633033752441406 0 0 1.0000001192092896 -1.0000001192092896 0 0 0 -1.0000001192092896 0 2780.dat
1 72 -591.94708251953125 -218.65106201171875 -60.633033752441406 0 0 1.0000001192092896 -1.0000001192092896 0 0 0 -1.0000001192092896 0 2780.dat
1 72 -532.09710693359375 -189.20718383789062 -29.945301055908203 0 0 -1.0000001192092896 0 -1 0 -1.0000001192092896 0 0 4519.dat
1 72 -231.64730834960937 -238.65106201171875 -60.632278442382813 0 0 -1.0000001192092896 1.0000001192092896 0 0 0 -1.0000001192092896 0 2780.dat
1 72 -211.6473388671875 -238.65106201171875 -60.632278442382813 0 0 -1.0000001192092896 1.0000001192092896 0 0 0 -1.0000001192092896 0 2780.dat
1 72 -172.29734802246094 -308.594970703125 -29.945819854736328 0 -1 0 1 0 0 0 0 0.99999994039535522 4519.dat
1 72 -191.29736328125 -308.59500122070312 -29.945812225341797 0 0 -1.0000001192092896 -1.0000001192092896 0 0 0 1.0000001192092896 0 32039.dat
1 72 -91.797355651855469 -308.59500122070312 -29.945817947387695 0 0 1.0000001192092896 0 -1 0 1.0000001192092896 0 0 32016.dat
1 72 -171.79742431640625 -268.59500122070313 -29.945892333984375 0 -1 0 0 0 1 -1 0 0 32013.dat
1 72 -211.6473388671875 -238.65098571777344 -0.25784066319465637 0 0 -1.0000001192092896 1.0000001192092896 0 0 0 -1.0000001192092896 0 2780.dat
1 72 -151.5936279296875 -198.65098571777344 -40.312149047851562 0 0 -1.0000001192092896 1.0000001192092896 0 0 0 -1.0000001192092896 0 43093.dat
1 72 -151.59371948242187 -168.65101623535156 -39.812213897705078 0 -1 0 0 0 1 -1 0 0 32013.dat
1 72 -151.59364318847656 -168.15090942382812 -49.81207275390625 0 0 1 0 1 0 -1 0 0 43093.dat
1 72 -151.59364318847656 -168.65089416503906 -49.943698883056641 -1 0 0 0 -1 0 0 0 1 53586.dat
1 72 -101.58264923095703 -148.15092468261719 -59.811954498291016 1 0 0 0 1 0 0 0 1 3706.dat
1 72 -151.62063598632812 -258.65093994140625 -340.66033935546875 0 0 -1.0000001192092896 1.0000001192092896 0 0 0 -1.0000001192092896 0 3749.dat
1 72 -151.7286376953125 -253.65095520019531 -259.66030883789062 0.0013405835488811135 0 0.99999910593032837 0 1 0 -0.99999910593032837 0 0.0013405835488811135 32251.dat
1 72 -31.728076934814453 -238.65097045898437 -260.49948120117187 0 0 1.0000001192092896 -1.0000001192092896 0 0 0 -1.0000001192092896 0 3705.dat
1 72 -151.72737121582031 -228.65058898925781 -260.66082763671875 0 0.0013404550263658166 -0.99999922513961792 1.0000001192092896 0 0 0 -0.99999922513961792 -0.0013403177727013826 4519.dat
1 72 -151.68769836425781 -243.6505126953125 -290.16043090820312 -1 0 0 0 1 0 0 0 -1 32449.dat
1 72 -152.38034057617187 -228.75718688964844 -321.03256225585937 0 0.0013404550263658166 -0.99999910593032837 1 0 0 0 -0.99999910593032837 -0.0013404210330918431 4519.dat
1 72 -151.68780517578125 -213.65054321289062 -290.1607666015625 -1 0 0 0 1 0 0 0 -1 32449.dat
1 72 -151.72868347167969 -203.65092468261719 -259.66070556640625 0.0013405835488811135 0 0.99999910593032837 0 1 0 -0.99999910593032837 0 0.0013405835488811135 32251.dat
1 72 -71.687820434570313 -243.65093994140625 -290.0535888671875 -1 0 0 0 1 0 0 0 -1 32449.dat
1 72 -72.147743225097656 -228.65142822265625 -320.0545654296875 0 -0.99999910593032837 -0.0013403909979388118 1 0 0 0 -0.0013403909979388118 0.99999910593032837 32062.dat
1 72 -71.727386474609375 -228.65090942382812 -260.55410766601562 0 0.0013404550263658166 -0.99999910593032837 1 0 0 0 -0.99999910593032837 -0.0013404210330918431 4519.dat
1 72 -71.68792724609375 -213.65097045898437 -290.05352783203125 -1 0 0 0 1 0 0 0 -1 32449.dat
1 72 -151.72808837890625 -228.65061950683594 -319.98104858398437 0 0 -1 0 -1 0 -1 0 0 40490.dat
1 72 -151.72808837890625 -228.65054321289062 -259.60739135742187 0 0 -1 0 -1 0 -1 0 0 40490.dat
1 72 -70.924415588378906 -238.65119934082031 -300.05224609375 0 1 0 -1 0 0 0 0 0.99999994039535522 32002.dat
1 72 -23.283395767211914 -228.65020751953125 -320.15826416015625 0 -0.70710659027099609 -0.7071070671081543 1.0000001192092896 0 0 0 -0.7071070671081543 0.70710664987564087 32474.dat
1 72 -37.733177185058594 -228.65023803710937 -305.7083740234375 -0.70710712671279907 0 -0.70710641145706177 0 0.99999994039535522 0 0.70710641145706177 0 -0.70710712671279907 87083.dat
1 72 -57.090305328369141 -228.65023803710937 -285.46783447265625 0.70710700750350952 -0.70710653066635132 0 0 0 1 -0.70710653066635132 -0.7071070671081543 0 6536.dat
1 72 -111.72809600830078 -268.65054321289062 -319.98104858398437 0 0 -1.0000001192092896 -1.0000001192092896 0 0 0 1.0000001192092896 0 32054.dat
1 72 -111.72809600830078 -238.6505126953125 -319.98104858398437 0 0 -1.0000001192092896 -1.0000001192092896 0 0 0 1.0000001192092896 0 3749.dat
1 72 -109.52682495117187 -268.6505126953125 -340.35955810546875 0.99392443895339966 -0.11006505042314529 0 0 0 -1.0000001192092896 0.11006505042314529 0.99392443895339966 0 42003.dat
1 72 -151.72813415527344 -288.150634765625 -320.48104858398437 0 0 1 0 0.99999994039535522 0 -1 0 0 3713.dat
1 72 -161.72811889648437 -288.150634765625 -320.4810791015625 1 0 0 0 1 0 0 0 1 3705.dat
1 72 -111.72811889648437 -288.65072631835937 -320.48117065429687 0 0 1.0000001192092896 -1.0000001192092896 0 0 0 -1.0000001192092896 0 32013.dat
1 72 -191.72813415527344 -288.150634765625 -320.48104858398437 0 0 1 0 0.99999994039535522 0 -1 0 0 3713.dat
1 72 -171.87811279296875 -269.09463500976562 -290.2939453125 0 0 1.0000001192092896 0 -1 0 1.0000001192092896 0 0 4519.dat
1 72 -161.87812805175781 -288.09463500976562 -260.10626220703125 1 0 0 0 1 0 0 0 1 3705.dat
1 72 -111.87813568115234 -288.5947265625 -260.10635375976562 0 0 1.0000001192092896 -1.0000001192092896 0 0 0 -1.0000001192092896 0 32013.dat
1 72 -151.87812805175781 -288.09463500976562 -260.10626220703125 0 0 1 0 0.99999994039535522 0 -1 0 0 3713.dat
1 72 -191.72747802734375 -288.15249633789062 -260.0257568359375 0 0 1 0 0.99999994039535522 0 -1 0 0 3713.dat
1 72 -322.37802124023437 -288.0946044921875 -260.10549926757812 -1 0 0 0 1 0 0 0 -1 2736.dat
1 72 -331.87796020507812 -269.09457397460937 -290.29354858398437 0 0 1.0000001192092896 0 -1 0 1.0000001192092896 0 0 4519.dat
1 72 -371.84149169921875 -288.59457397460937 -290.29348754882812 0 0 1.0000001192092896 0 -1 0 1.0000001192092896 0 0 50923.dat
1 72 -322.37802124023437 -288.09463500976562 -320.48068237304687 -1 0 0 0 1 0 0 0 -1 2736.dat
1 72 -211.72807312011719 -238.65060424804687 -320.98068237304687 0 0 -1.0000001192092896 1.0000001192092896 0 0 0 -1.0000001192092896 0 2780.dat
1 72 -231.72807312011719 -238.65060424804687 -320.98068237304687 0 0 -1.0000001192092896 1.0000001192092896 0 0 0 -1.0000001192092896 0 2780.dat
1 72 -491.8585205078125 -268.6505126953125 -290.29348754882812 0 0 -1.0000001192092896 0 -1 0 -1.0000001192092896 0 0 50923.dat
1 72 -512.32196044921875 -248.65049743652344 -290.29379272460937 0 -1.0000001192092896 0 0 0 1.0000001192092896 -1.0000001192092896 0 0 4519.dat
1 72 -432.0279541015625 -238.65058898925781 -260.60626220703125 0 0 -1.0000001192092896 1.0000001192092896 0 0 0 -1.0000001192092896 0 2780.dat
1 72 -512.02789306640625 -228.65058898925781 -259.60623168945312 0 0 -1 0 -1 0 -1 0 0 40490.dat
1 72 -452.0279541015625 -238.65058898925781 -260.60626220703125 0 0 -1.0000001192092896 1.0000001192092896 0 0 0 -1.0000001192092896 0 2780.dat
1 72 -512.02789306640625 -218.65057373046875 -259.60623168945312 0 0 -1.0000001192092896 -1.0000001192092896 0 0 0 1.0000001192092896 0 3673.dat
1 72 -492.02780151367187 -208.15170288085937 -305.48110961914062 -1 0 0 0 1 0 0 0 -1 32123a.dat
1 72 -492.02780151367187 -208.15170288085937 -290.48114013671875 0 0 -1 0 0.99999994039535522 0 1 0 0 3705.dat
1 72 -492.02780151367187 -208.15170288085937 -275.48138427734375 -1 0 0 0 1 0 0 0 -1 32123a.dat
1 72 -491.40283203125 -208.65170288085937 -320.48141479492187 0 -1.0000001192092896 0 0 0 -1.0000001192092896 1.0000001192092896 0 0 6536.dat
1 72 -491.40292358398437 -208.64962768554687 -260.1058349609375 0 -1.0000001192092896 0 0 0 1.0000001192092896 -1.0000001192092896 0 0 6536.dat
1 72 -492.02780151367187 -208.6517333984375 -280.4813232421875 -1 0 0 0 -1 0 0 0 1 62271.dat
1 72 -192.02783203125 -188.65176391601562 -300.4814453125 1 0 0 0 -1 0 0 0 -1 62275.dat
1 72 -192.02812194824219 -188.65170288085937 -300.48101806640625 1 0 0 0 -1 0 0 0 -1 62274.dat
1 72 -192.02139282226562 -188.14479064941406 -305.49130249023437 -1 0 0 0 1 0 0 0 -1 32123a.dat
1 72 -192.02140808105469 -188.14479064941406 -290.4913330078125 0 0 -1 0 0.99999994039535522 0 1 0 0 3705.dat
1 72 -192.02139282226562 -188.14479064941406 -275.49139404296875 -1 0 0 0 1 0 0 0 -1 32123a.dat
1 72 -191.72807312011719 -218.65055847167969 -260.60626220703125 0 0 -1.0000001192092896 1.0000001192092896 0 0 0 -1.0000001192092896 0 43093.dat
1 72 -191.72801208496094 -188.65054321289062 -260.10617065429687 0 1 0 0 0 1 1 0 0 32013.dat
1 72 -191.72805786132812 -218.65060424804687 -320.98068237304687 0 0 -1.0000001192092896 1.0000001192092896 0 0 0 -1.0000001192092896 0 43093.dat
1 72 -191.72798156738281 -188.6505126953125 -320.4805908203125 0 1 0 0 0 1 1 0 0 32013.dat
1 72 -512.02789306640625 -218.65060424804687 -319.9814453125 0 0 -1.0000001192092896 -1.0000001192092896 0 0 0 1.0000001192092896 0 3673.dat
1 72 -512.02789306640625 -228.65061950683594 -319.9814453125 0 0 -1 0 -1 0 -1 0 0 40490.dat
1 72 -432.0279541015625 -238.65058898925781 -320.9814453125 0 0 -1.0000001192092896 1.0000001192092896 0 0 0 -1.0000001192092896 0 2780.dat
1 72 -452.0279541015625 -238.65058898925781 -320.9814453125 0 0 -1.0000001192092896 1.0000001192092896 0 0 0 -1.0000001192092896 0 2780.dat
1 72 -592.02783203125 -218.65060424804687 -320.9814453125 0 0 1.0000001192092896 -1.0000001192092896 0 0 0 -1.0000001192092896 0 2780.dat
1 72 -631.264404296875 -257.0804443359375 -290.02560424804687 -0.99994534254074097 -0.010454551316797733 -1.6585194316576235E-005 -1.6583431715844199E-005 0 1 -0.010454551316797733 0.99994540214538574 0 32474.dat
1 72 -631.26971435546875 -256.6453857421875 -289.52572631835937 -2.8478250897023827E-005 -0.010445913299918175 0.99994552135467529 1.0000001192092896 0 2.8539436243590899E-005 0 0.99994552135467529 0.010445973835885525 32062.dat
1 72 -651.0533447265625 -248.18292236328125 -310.39962768554687 -0.010434133931994438 0 -0.99994564056396484 0.0018359344685450196 0.99999845027923584 -2.8479653337853961E-005 0.99994397163391113 -0.0018361316761001945 -0.010434098541736603 32062.dat
1 72 -651.4752197265625 -249.108642578125 -270.025146484375 0.010458175092935562 -0.0018361781258136034 -0.99994367361068726 -0.0018360551912337542 -0.99999666213989258 0.0018170727416872978 -0.99994367361068726 0.0018169485265389085 -0.010461363010108471 32062.dat
1 72 -680.409423828125 -248.81320190429687 -290.49142456054687 -0.014975802972912788 0.010454604402184486 -0.99983334541320801 0.99988597631454468 -0.0018362983828410506 -0.014995904639363289 -0.001992878969758749 -0.99994379281997681 -0.01042579859495163 32474.dat
1 72 -710.84454345703125 -249.26872253417969 -290.3089599609375 -0.99977552890777588 -0.014995048753917217 -0.01496666856110096 -0.014994924888014793 0.0017737853340804577 0.99988603591918945 -0.014966792427003384 0.99988603591918945 -0.0019981444347649813 32073.dat
1 72 -690.8375244140625 -248.97062683105469 -291.10037231445312 0.014976263977587223 0.010454632341861725 0.99983316659927368 -0.99988585710525513 -0.0018364624120295048 0.01499629020690918 0.0019929015543311834 -0.99994361400604248 0.010425901040434837 32269.dat
1 72 -710.8468017578125 -248.76971435546875 -290.80911254882812 0.010424932464957237 -0.014994753524661064 0.99983328580856323 7.7793592936359346E-005 0.99988770484924316 0.014994757249951363 -0.99994570016860962 -7.8537530498579144E-005 0.01042492687702179 32270.dat
1 72 -750.82745361328125 -249.87034606933594 -291.72695922851562 -0.014975875616073608 0.010530777275562286 -0.99983251094818115 0.99988597631454468 -0.0018352959305047989 -0.014996089041233063 -0.0019929895643144846 -0.99994295835494995 -0.01050200778990984 32498.dat
1 72 -736.4342041015625 -209.64907836914062 -291.14892578125 -0.014975973404943943 -0.99983245134353638 -0.010530599392950535 0.9998859167098999 -0.014996103942394257 0.0018352769548073411 -0.0019928878173232079 -0.010501911863684654 0.99994295835494995 44374.dat
1 72 -722.169189453125 -269.94332885742187 -325.2811279296875 0.99983245134353638 0.0077042831107974052 0.016607474535703659 0.014995968900620937 -0.86500906944274902 -0.50153207778930664 0.010501671582460403 0.50169706344604492 -0.86497962474822998 32062.dat
1 72 -720.17340087890625 -269.48065185546875 -325.51107788085937 0.016608284786343575 0.0076973498798906803 -0.99983257055282593 -0.50153237581253052 -0.86500900983810425 -0.014990332536399364 -0.86497956514358521 0.50169730186462402 -0.010505668818950653 32474.dat
1 72 -722.9117431640625 -268.95016479492187 -256.00503540039062 0.9998323917388916 -0.018234822899103165 -0.0016320605063810945 0.014995924197137356 0.86684435606002808 -0.49835333228111267 0.01050212699919939 0.49824532866477966 0.86697250604629517 32062.dat
1 72 -720.9029541015625 -269.35382080078125 -256.23348999023437 -0.0016314354725182056 -0.018305415287613869 -0.99983119964599609 -0.49835288524627686 0.8668438196182251 -0.015057364478707314 0.86697286367416382 0.49824413657188416 -0.010536733083426952 32474.dat
1 72 -746.4324951171875 -209.79901123046875 -291.25381469726562 -0.014975972473621368 -0.99983245134353638 -0.010530641302466393 0.9998859167098999 -0.014996103942394257 0.0018353160703554749 -0.001992927398532629 -0.010501953773200512 0.99994295835494995 44374.dat
